0.748836721861245
0.7441888492978411
0.7491050094319849
0.7605648710962063
0.7590693774889959
0.7623705722070846
0.766126598197443
0.7745986166422136
0.7780329071473487
0.779127017396772
0.7864713896457768
0.7982163068539091
0.7996227206036469
0.7991584573464682
0.8034426744917208
0.8066118214210857
0.8088136658981349
0.806076294277929
0.8090945294487528
0.8119304129113389
0.8122406204150074
0.8159117585411866
0.8171096206246069
0.8182026828757075
0.8160301823517082
0.8161748061203105
0.8158960385663385
0.8128956193670089
0.8162743659610147
0.8176074198281286
0.8148522322364284
0.813331586669461
0.8130894990568015
0.8151047998323206
0.8148669042129534
0.8125424439320897
0.8113120939006494
0.8091406413749737
0.8107430308111505
0.8126399077761477
0.8128191154894155
0.8131502829595475
0.8117218612450219
0.8108373506602389
0.8097317124292601
0.8103573674282123
0.8132519387968977
0.8095923286522739
0.812070844686648
0.8126137078180672
0.8134280025151959
0.8139949696080484
0.8140578495074405
0.8133745546007123
0.8142957451268077
0.815703206874869
0.81486585621463
0.818712010060784
0.8197180884510581
0.822162020540767
0.8222846363445818
0.824722280444351
0.8258719346049043
0.8251729197233282
0.8269398448962478
0.8257021588765455
0.8258625026199954
0.8249444560888699
0.8247023684762103